273.56
260.98
284.98
276.02
274.94
280.24
272.62
269.99
278.40
277.20
280.45
274.33
280.66
277.57
278.48
284.11
277.52
280.42
280.52
273.02
285.06
270.52
280.51
287.87
288.63
276.37
279.64
276.10
279.91
272.64
282.97
270.40
275.47
275.85
273.51
276.50
282.88
287.16
277.98
278.48
288.37
279.00
288.89
287.74
286.17
274.51
274.25
266.11
266.39
267.45
275.08
279.38
272.55
273.57
282.15
283.12
279.21
290.01
277.24
280.10
277.93
284.11
282.88
274.56
276.26
282.07
279.54
281.25
277.19
282.80
276.91
272.46
274.57
283.42
275.11
283.70
282.04
280.02
263.55
271.40
281.63
279.05
282.05
284.99
277.75
