241.05
240.82
221.02
249.98
281.44
263.57
262.06
259.16
271.63
279.01
269.55
269.94
268.00
262.16
272.65
265.64
263.25
273.86
275.30
261.69
270.65
259.39
266.83
267.30
264.18
268.47
265.71
255.97
270.75
256.66
267.62
268.59
266.24
257.87
267.27
263.17
266.69
265.82
257.78
271.33
263.07
283.04
270.45
262.72
263.12
264.10
272.43
289.34
278.48
267.68
281.52
272.94
270.75
262.38
267.23
281.14
281.05
272.72
273.65
261.46
277.93
267.13
285.06
269.17
270.72
268.50
272.01
273.71
277.65
282.47
288.27
277.19
278.37
272.05
267.52
271.95
291.10
285.87
272.88
288.94
275.42
282.23
285.88
281.70
288.27
