3573.28
3559.64
3004.51
3635.83
2770.69
3648.23
3421.25
3809.40
2132.11
2873.55
3544.88
2133.60
2132.32
2049.67
2548.82
2790.18
2879.58
1712.59
1403.41
2015.30
2130.48
2509.39
2870.02
3079.53
2835.48
2780.94
2871.89
2111.70
3422.38
2594.24
2190.16
2143.91
2865.78
2110.35
2193.88
3008.40
2940.08
2904.29
2670.41
3106.41
2908.89
2216.07
2814.22
2933.22
2931.31
2941.08
3444.96
2282.96
2245.43
3038.72
2273.44
3119.12
2977.03
2930.52
2158.21
2270.42
2248.15
3029.11
2781.56
3129.75
2248.15
3221.43
2285.60
3022.61
3048.78
3156.52
3480.03
3010.91
2911.79
2293.09
2211.29
3085.66
2795.75
3147.63
3617.25
3025.96
2292.27
2251.32
2288.86
2899.39
3179.52
2252.87
3046.02
3195.58
2949.62
