238.04
254.74
260.11
261.53
259.60
268.47
269.15
269.83
273.27
263.96
276.40
271.84
271.17
263.90
272.82
280.18
293.64
281.95
271.37
285.24
283.05
278.16
277.12
277.89
280.03
273.84
294.25
270.01
273.90
270.22
294.67
284.31
280.99
276.16
280.06
276.95
279.14
276.96
275.07
279.25
285.40
276.06
280.33
271.66
281.68
274.67
275.06
272.58
278.21
281.80
277.17
279.87
280.18
275.87
282.40
281.24
275.11
275.12
270.52
274.26
273.41
277.43
270.37
273.42
272.70
272.52
274.76
276.48
267.71
267.47
271.65
274.12
271.22
277.65
273.34
269.86
274.18
278.16
267.83
284.37
282.74
281.25
278.73
278.12
281.85
