220.84
248.63
251.42
252.80
256.68
215.86
240.38
223.15
231.85
257.19
220.37
184.75
221.53
185.50
180.95
178.70
187.96
189.88
179.40
187.60
216.71
223.65
188.84
186.84
217.77
192.96
213.97
221.37
186.59
229.82
233.48
223.94
226.51
215.62
227.35
219.12
233.51
237.23
228.10
230.09
253.25
258.79
236.98
256.00
253.44
256.09
264.18
265.69
259.06
252.55
269.19
263.50
274.35
257.82
270.02
267.94
264.85
268.92
264.71
274.24
285.91
280.69
285.44
277.94
285.16
283.04
278.34
281.51
287.40
282.76
281.90
297.09
295.12
298.09
293.64
284.93
280.16
284.55
287.98
280.84
287.40
278.35
283.70
283.43
285.89
