3136.54
3615.53
3640.70
3729.66
3618.86
4336.50
4054.05
4431.04
4076.48
4023.62
4469.13
4797.21
4469.43
4415.79
4701.48
4360.09
4683.73
4771.33
4549.47
4441.49
4299.47
4641.35
4573.80
4637.48
4841.51
4480.15
4501.03
4451.50
4318.65
4457.95
4525.22
4519.18
4597.45
4484.41
5335.50
4373.91
4707.24
4704.01
4571.26
4735.05
4670.13
4775.69
4546.21
4665.21
4788.99
4563.20
4786.47
4646.36
4632.44
4616.44
4744.65
4721.19
4833.17
4579.10
4823.55
4748.00
4551.87
4803.35
4479.79
4603.38
4739.22
4631.14
4566.82
4559.34
4830.60
4651.47
4709.69
4601.42
4557.50
4606.97
4459.89
4785.85
4646.98
4571.70
4650.27
4699.01
4570.74
4731.87
4481.01
4493.38
4706.95
4811.80
4693.92
4421.95
4579.03
