0
0
0
0
0
0
0
0
0
0
3238.59
5470.90
5497.96
5380.43
5546.99
5623.15
5890.04
5518.41
5483.75
5516.05
1208.70
1330.69
1395.40
1295.81
1324.66
1453.52
1402.88
1387.68
1251.60
1410.97
516.93
1918.69
3318.47
2643.54
3152.80
2689.74
3294.66
3215.16
3243.56
3302.15
614.68
3413.25
3387.18
3424.41
3602.39
3515.39
3776.88
1849.52
3479.09
3741.00
605.54
3384.85
4698.36
4751.82
3875.48
3494.36
3565.04
4834.13
4869.69
4448.91
486.66
5188.88
5363.98
3490.62
3638.50
5290.86
5191.22
3467.75
5158.20
5231.05
486.44
5497.84
5573.60
5560.81
3396.56
5060.78
3914.81
3767.31
5594.48
3488.75
485.93
4814.29
3803.24
5219.86
5534.31
5260.68
5768.25
5667.99
3679.66
5885.25
449.74
3468.28
3544.44
5479.97
5533.28
5752.97
5475.65
5666.21
5847.32
5575.40
479.22
5219.21
5298.84
5803.81
5989.91
5428.14
3571.05
5124.64
5577.42
5771.91
502.20
3532.31
5408.41
5496.00
5444.96
3504.50
4823.88
3819.94
5761.50
5862.96
480.27
5928.04
3498.08
5944.92
3531.50
5442.08
5966.97
5084.87
5900.80
5706.45
