2348.94
3003.59
2860.43
2860.54
2921.53
3122.73
2776.12
3194.83
3067.08
2103.00
2127.98
3008.61
2201.02
2115.99
2176.91
2200.29
2164.79
2246.41
2168.74
2213.86
2306.34
2390.72
2269.77
2936.12
3069.74
2277.28
3111.75
2244.24
3141.24
3045.69
3187.16
3168.54
3312.21
3199.62
3247.90
3172.07
3253.21
3133.45
3195.04
3291.89
3294.76
3331.41
3664.62
3310.87
3672.84
3982.15
3932.70
3896.95
3978.95
4038.96
4207.07
4147.25
4752.57
4179.70
4126.91
4292.07
4719.36
4269.61
4234.29
4186.87
4634.01
4824.50
4773.10
4304.42
4634.01
4697.28
4868.89
4835.77
4632.51
4605.12
4849.77
4606.97
4606.97
4353.89
4617.26
4672.27
4566.48
4646.51
4597.49
4508.97
4679.83
4642.09
4645.98
4720.31
4811.72
