270.84
208.21
214.53
215.02
230.27
234.93
218.86
207.07
219.84
188.00
227.61
237.12
190.43
218.05
218.63
232.71
228.90
222.40
220.20
223.53
230.29
234.41
232.63
232.10
231.23
231.30
229.39
262.00
229.78
255.65
262.69
264.42
233.17
262.20
263.03
261.75
263.95
250.67
285.95
248.13
291.28
280.31
276.56
278.41
282.77
289.74
286.38
278.33
287.61
282.20
284.41
283.30
279.04
285.26
292.68
280.85
288.13
287.15
281.20
288.94
289.99
280.83
285.00
287.58
284.90
296.87
283.58
288.40
282.78
272.97
269.18
292.69
293.47
286.82
305.91
282.79
283.45
279.35
278.50
282.27
282.26
277.86
285.28
281.91
285.41
