246.12
180.68
212.36
183.05
212.81
225.13
217.24
220.88
183.29
215.58
216.70
229.55
224.69
222.16
183.05
238.85
229.27
213.03
180.77
275.23
283.96
273.52
274.55
277.64
276.52
252.37
276.50
275.24
274.45
275.13
275.60
278.71
295.32
278.91
275.59
274.59
274.62
273.31
277.22
281.08
273.37
279.03
277.53
280.94
274.73
289.88
265.99
278.68
278.65
278.93
287.42
277.97
286.14
282.06
280.13
289.58
275.48
288.63
277.66
282.33
279.39
284.60
283.49
286.01
279.35
285.94
279.78
280.03
279.53
280.21
275.75
276.27
277.71
277.44
272.65
282.84
282.52
282.45
273.30
278.79
272.01
284.83
288.73
267.50
273.56
