542.71
3559.43
5429.28
3759.63
5785.28
5122.84
5752.93
5192.21
3826.38
5622.77
4810.97
4872.16
4966.61
5000.15
3363.49
4983.58
5064.53
5000.71
3828.86
3654.39
3101.22
3393.62
3374.49
3445.89
4136.21
5177.47
1887.34
4487.00
4189.56
3463.83
3755.76
3467.79
3344.98
4104.17
1898.46
3705.53
4456.04
4189.12
4343.90
3561.23
4982.19
3921.89
3183.95
3140.28
4740.68
1859.28
4538.16
4311.91
2906.42
3339.13
1932.66
3269.25
3003.34
4022.30
3200.30
3432.10
3937.91
1932.86
3369.94
3740.83
3572.56
3745.50
3225.13
3245.51
4072.98
3418.68
4348.95
3382.44
3505.47
3132.63
3523.17
4240.83
4463.38
3963.12
3653.40
3631.55
3576.31
3713.18
4750.83
3183.44
4581.61
3080.44
3022.62
4788.42
3679.57
