2392.98
3406.61
3306.27
3349.94
3218.45
-1
-1
3515.82
-1
3179.60
3515.88
3678.32
2810.29
3438.54
3686.98
-1
4064.69
-1
3513.29
4238.61
4680.48
4439.07
4308.44
4676.91
4105.28
3960.98
4670.58
4291.83
4303.90
-1
4559.90
4630.26
4539.36
4818.01
4721.86
4638.92
4791.68
4595.56
4551.67
4215.46
3701.75
4265.72
4612.42
4714.99
-1
5490.83
4999.95
4746.19
3888.19
4874.03
5559.89
5317.40
4787.52
5124.33
4999.40
5495.20
5454.02
5412.15
5648.15
5451.58
5607.49
5469.02
5591.97
5261.69
5466.36
5506.71
5576.31
5374.31
-1
5490.46
5701.16
5603.45
5657.85
5562.68
5329.36
5626.69
5377.54
-1
5395.16
-1
5531.81
5202.86
5591.15
5309.49
5666.87
