269.58
274.05
280.78
280.38
297.48
280.80
281.70
277.07
289.50
282.86
0
0
0
0
0
0
0
0
0
0
103.96
84.25
85.62
85.98
121.91
85.71
85.85
86.64
116.87
85.80
268.41
160.19
175.47
177.71
172.73
162.34
170.26
180.22
161.33
132.89
252.34
174.64
173.37
178.81
182.48
184.74
178.39
135.75
175.93
183.33
262.91
179.01
203.80
214.36
216.19
180.63
184.57
212.08
219.20
235.87
268.57
206.16
182.14
184.72
185.32
184.79
211.91
183.87
184.45
217.86
265.33
180.93
181.81
216.31
184.00
225.32
217.77
189.53
213.96
182.90
261.95
229.32
215.25
219.55
214.64
217.74
186.43
220.57
194.24
213.20
256.87
181.94
182.96
227.19
213.84
228.71
188.65
186.60
191.02
224.51
265.98
223.37
229.35
228.23
194.45
223.40
184.74
225.78
226.77
191.70
279.81
193.81
225.56
194.79
192.65
195.15
253.37
230.79
233.10
231.39
220.03
193.99
200.75
194.04
194.46
217.96
195.43
238.97
192.10
228.53
