630.87
4991.63
5788.55
3528.27
5177.28
4949.09
5451.50
5549.09
5601.94
5348.53
5146.59
5557.31
5372.31
5496.76
5473.86
5452.88
5650.96
5507.89
5741.97
5494.75
5412.57
5621.27
5555.10
5565.89
5528.17
5744.28
5613.82
5700.74
5756.13
5490.12
5344.43
5449.91
5352.51
5441.76
5730.14
5498.68
5489.60
5552.57
5594.44
5580.35
5683.03
5390.99
5441.97
5561.34
5580.16
5525.44
5459.46
5467.06
5388.28
5492.02
5581.13
5603.18
5638.62
5542.60
5728.37
5686.27
5740.76
5509.53
5397.71
5539.64
5521.37
5573.26
5870.94
5540.53
5569.75
5448.39
5728.44
5456.10
5491.93
5582.11
5520.15
5612.54
5803.33
5564.43
5485.36
5618.71
5547.77
5828.20
5670.29
5939.94
5742.19
5497.35
5303.67
5279.49
5463.39
