264.91
276.20
267.60
280.65
276.85
285.88
280.88
282.09
276.41
287.39
0
0
0
0
0
0
0
0
0
0
245.01
83.81
85.84
117.49
120.96
126.36
124.11
120.29
154.44
85.40
252.50
131.98
172.07
132.03
133.70
176.07
177.24
178.81
162.47
162.22
248.36
184.37
178.57
182.87
185.47
172.92
175.19
180.27
169.38
172.25
257.83
179.83
172.00
183.07
173.03
187.38
220.64
178.24
182.18
184.33
255.75
224.29
183.65
186.24
212.70
187.21
236.40
204.45
182.80
224.03
245.01
182.93
185.80
188.35
186.39
185.03
185.84
218.11
185.26
215.73
257.23
199.72
185.51
184.82
181.54
185.94
185.95
212.55
220.66
217.12
253.65
230.22
217.23
232.09
190.29
225.97
190.93
188.60
221.60
219.05
205.64
182.13
228.06
223.78
243.52
234.85
193.80
219.47
189.24
193.79
277.06
185.38
193.87
203.47
191.90
223.42
199.28
222.34
232.74
235.59
264.24
185.39
196.17
186.32
218.63
190.22
219.58
216.65
220.20
227.64
