0
0
0
0
0
0
0
0
0
0
595.11
5606.04
5424.11
5722.67
5618.01
5795.30
5635.14
5355.48
5590.68
5374.87
325.16
939.43
1488.47
1434.88
1533.46
1522.99
1500.70
1555.01
1227.73
1542.64
452.07
3172.43
3050.46
3240.96
3205.37
3217.60
3225.01
3195.55
1846.08
1843.32
475.95
3503.52
4280.81
4256.74
3560.40
4256.08
4163.44
4107.36
3388.30
3119.77
498.87
3478.73
4592.35
3487.77
4665.21
3739.93
4861.17
4485.54
3495.32
5068.07
518.18
4929.80
5368.03
5100.37
3816.09
5380.52
4756.59
5339.84
5318.67
5137.82
468.24
3525.74
5507.95
3524.86
3983.53
5551.66
5545.28
5667.78
3470.08
5489.49
499.71
5424.02
5483.64
3962.86
5676.27
5473.58
5274.71
3824.78
3984.76
5543.37
515.04
4806.96
5898.13
5221.62
5880.21
5574.42
5726.74
5624.09
5581.24
3936.93
3260.84
3440.78
5636.44
3883.13
5532.32
5043.93
5649.88
5611.32
5348.20
5364.27
505.35
3446.19
3467.23
3789.39
5461.99
3936.25
3582.54
3795.35
5368.47
5722.08
464.52
3470.14
3860.49
5740.31
5690.24
5915.03
5599.28
5818.62
5696.67
5775.37
