483.55
3409.58
3338.94
3355.11
3220.99
-1
-1
3625.94
-1
3701.50
3686.46
3921.82
3845.42
3156.65
4038.94
-1
3709.21
-1
4052.17
3705.77
3894.89
3706.88
4357.19
3847.91
3873.49
4031.32
3977.97
4217.34
3794.56
-1
4323.80
4356.25
4160.01
4056.85
4013.61
4773.49
4938.51
5208.18
5246.18
5160.39
5033.60
5445.99
5614.01
5442.63
-1
5372.32
5656.60
5167.60
5367.32
5428.86
5796.71
5777.94
5977.62
5740.49
5789.91
5722.95
5783.99
5735.47
5811.00
5773.69
5784.23
5699.36
5538.80
5701.59
5833.52
5955.70
5765.47
5754.21
-1
5969.26
5957.86
5666.12
5714.84
5627.46
5755.02
5486.06
5624.49
-1
5827.77
-1
5653.24
5585.59
5552.01
5585.13
5527.77
