235.70
254.04
262.27
261.56
259.85
256.13
268.84
255.27
258.38
261.39
228.37
216.86
230.16
254.45
223.86
222.89
228.09
181.70
175.17
228.63
253.27
231.16
179.23
227.54
188.10
183.15
225.76
187.18
223.93
230.04
228.07
236.60
238.19
249.59
216.49
226.97
227.50
228.13
229.77
183.09
234.21
220.59
245.55
183.81
233.00
182.79
185.42
189.26
234.99
232.92
187.12
229.38
228.22
220.95
187.30
234.06
183.36
186.73
254.88
224.99
183.16
229.57
187.28
224.32
230.27
221.60
224.20
237.86
223.60
237.18
225.00
231.15
245.79
191.41
241.34
218.29
224.26
227.14
233.75
234.88
228.24
236.60
253.97
231.45
184.71
