2418.67
3030.98
2768.90
2860.45
2677.01
2909.06
3478.35
3084.30
2999.80
4924.11
4594.31
4173.15
4658.45
4441.13
4711.16
4433.77
4412.74
4648.76
4321.39
4474.58
4623.47
4774.99
4624.47
4683.27
4710.14
4375.97
4356.51
4245.84
4613.01
4480.74
4597.00
4619.08
4633.28
4684.95
4633.28
4733.13
4711.93
4730.73
4664.97
4770.06
4745.11
4509.46
4874.09
4543.81
4614.57
4469.86
4594.92
4623.56
4697.61
4700.45
4693.24
4470.31
4810.07
4768.53
4498.28
4572.82
4656.22
4326.48
4362.65
4463.56
4754.99
4743.66
4550.88
4724.83
4780.59
4656.71
4634.41
4450.43
4609.32
4402.16
4653.13
4550.74
4601.96
4727.94
4686.59
4613.11
4698.51
4780.57
4588.36
4776.45
4698.33
4518.20
4627.06
4653.08
4518.24
